대전한정식 0 0 7 19 0 2 
홍대빵집 0 0 22 6 6 2 
샤브샤브 0 0 22 6 1 1 
동성로초밥 0 0 6 25 1 0 
경주카페 0 0 22 6 2 0 
성수동카페 0 0 10 19 0 2 
동성로술집 0 0 10 16 4 4 
강남한정식 0 0 13 10 9 9 
문어숙회 0 0 17 12 1 0 
속초물회 0 0 18 10 2 1 
노량진카페 0 0 17 12 2 1 
경기도온천 0 0 12 13 1 2 
홍대뷔페 0 0 20 5 3 2 
부산뷔페 0 0 20 8 2 1 
삼청동카페 0 0 17 13 0 1 
대봉동술집 0 0 6 22 1 2 
경리단길카페 0 0 22 8 1 0 
여의도일식 0 0 18 5 2 1 
송도뷔페 0 1 6 23 0 1 
초밥뷔페 0 0 16 9 2 1 
담양카페 0 0 16 14 1 0 
제주고등어회 0 0 19 10 3 0 
서울미술관 1 1 9 21 0 2 
토다이 1 1 0 6 0 1 
토다이 1 1 0 5 0 2 
삼송빵집 1 0 11 1 2 0 
삼송빵집 1 0 8 1 0 0 
릴리펏 1 1 0 8 0 5 
현풍닭칼국수 1 1 12 2 0 1 
백암순대 1 0 11 1 0 0 
백암순대 1 1 8 0 2 3 
삼송빵집 1 0 28 1 1 0 
